Trade,Balance,Profit,Withdrawn
1,167.50,17.50,0.00
2,187.04,19.54,0.00
3,208.86,21.82,0.00
4,233.23,24.37,0.00
5,260.44,27.21,0.00
6,290.83,30.38,0.00
7,324.76,33.93,0.00
8,362.64,37.89,0.00
9,404.95,42.31,0.00
10,452.20,47.24,0.00
11,504.95,52.76,0.00
12,563.86,58.91,0.00
13,629.65,65.78,0.00
14,703.11,73.46,0.00
15,785.14,82.03,0.00
16,876.73,91.60,0.00
17,979.02,102.29,0.00
18,1093.24,114.22,0.00
19,1220.78,127.54,0.00
20,1363.21,142.42,0.00
21,1522.25,159.04,0.00
